"ASV","relab_sum","shap_p","Year","Month","Species","Rotation","Nitrogen","Block","Rep","Residual","Kingdom","Phylum","Class","Order","Family","Genus","species","taxa"
"asv_001357",0.224435312640981,0.999749248835527,0.81910746,7.26051756,2.54017898,9.365e-05,2.58632529,0,2.159e-05,86.79375546,"Bacteria","Proteobacteria","Alphaproteobacteria","Rhodospirillales","Rhodospirillaceae",NA,NA,"f__Rhodospirillaceae  "
"asv_000927",0.0111339025269148,0.99960214994568,0,6e-08,0,2e-08,2e-07,0,1.1e-07,99.99999961,"Bacteria","Bacteroidetes","[Saprospirae]","[Saprospirales]","Chitinophagaceae","Chitinophaga",NA,"f__Chitinophagaceae g__Chitinophaga "
"asv_000799",0.0995898441947705,0.999508892634044,17.06061703,25.11714654,0,1.824e-05,0,0.82637797,0.00022858,56.99561164,"Bacteria","Bacteroidetes","Sphingobacteriia","Sphingobacteriales","Sphingobacteriaceae","Pedobacter",NA,"f__Sphingobacteriaceae g__Pedobacter "
"asv_000718",0.219759782175611,0.99888891097282,11.76869918,2.85839041,0,0.11963683,0.36600997,1.79991007,2.8e-05,83.08732554,"Bacteria","Verrucomicrobia","[Spartobacteria]","[Chthoniobacterales]","[Chthoniobacteraceae]","DA101",NA,"f__[Chthoniobacteraceae] g__DA101 "
"asv_001685",0.146365893178569,0.998592786991606,3.13790116,0.04378777,8.96e-06,0,2.74e-06,0,0,96.81829938,"Bacteria","Nitrospirae","Nitrospira","Nitrospirales","Nitrospiraceae","Nitrospira",NA,"f__Nitrospiraceae g__Nitrospira "
"asv_001879",0.110078780499873,0.997753259972542,20.64229884,8.30073881,0,0.79900381,4.5e-07,3.5e-07,0.37391912,69.88403863,"Archaea","Crenarchaeota","Thaumarchaeota","Nitrososphaerales","Nitrososphaeraceae","Candidatus Nitrososphaera",NA,"f__Nitrososphaeraceae g__Nitrososphaera "
"asv_000238",0.0927192740350807,0.997523068027671,35.21362967,14.2224839,5e-08,1.258e-05,0.09565954,0.06501258,3e-08,50.40320165,"Bacteria","Proteobacteria","Gammaproteobacteria","Pseudomonadales","Pseudomonadaceae","Pseudomonas","veronii","f__Pseudomonadaceae g__Pseudomonas s__veronii"
"asv_001760",0.00170336434295876,0.997394532110434,7.1892661,10.57116816,1.20308967,4.7e-07,1.1e-07,2.81475741,6.86e-06,78.22171122,"Bacteria","Proteobacteria","Gammaproteobacteria","Pseudomonadales","Pseudomonadaceae","Pseudomonas","veronii","f__Pseudomonadaceae g__Pseudomonas s__veronii"
"asv_002319",0.0999369528676866,0.99708780909269,3.23586563,3.40611456,2.67e-05,8.945e-05,8.6029103,1.94506517,6.026e-05,82.80986793,"Archaea","Crenarchaeota","Thaumarchaeota","Nitrososphaerales","Nitrososphaeraceae","Candidatus Nitrososphaera",NA,"f__Nitrososphaeraceae g__Nitrososphaera "
"asv_002347",0.0160184732247166,0.99685444623816,2e-07,0,0.30305619,1.728e-05,0.30808919,0,0.03195678,99.35688036,"Bacteria","Proteobacteria","Alphaproteobacteria","Caulobacterales","Caulobacteraceae","Phenylobacterium",NA,"f__Caulobacteraceae g__Phenylobacterium "
"asv_000751",0.2472227886227,0.996387639357774,4e-08,0,0,0.07834547,0,0,0,99.92165449,"Bacteria","Actinobacteria","Actinobacteria","Actinomycetales","Propionibacteriaceae","Microlunatus",NA,"f__Propionibacteriaceae g__Microlunatus "
"asv_000962",0.08633716339567,0.995118440338495,17.00703099,25.00327459,0.00016059,0,5.265e-05,0.81247396,4.399e-05,57.17696322,"Bacteria","Bacteroidetes","Sphingobacteriia","Sphingobacteriales","Sphingobacteriaceae","Pedobacter",NA,"f__Sphingobacteriaceae g__Pedobacter "
"asv_001065",0.017178067194916,0.994681961324467,1.656e-05,1.32673964,0,4.88e-06,6.8e-07,3.487e-05,3.28456495,95.38863842,"Bacteria","Proteobacteria","Gammaproteobacteria","Xanthomonadales","Xanthomonadaceae","Stenotrophomonas",NA,"f__Xanthomonadaceae g__Stenotrophomonas "
"asv_000742",0.118718121703573,0.994099941028324,19.23824533,29.63896195,0.25452382,0.57185352,0.05706425,0.51516411,0,49.72418703,"Bacteria","Bacteroidetes","Sphingobacteriia","Sphingobacteriales","Sphingobacteriaceae","Pedobacter",NA,"f__Sphingobacteriaceae g__Pedobacter "
"asv_000992",0.0566398321507679,0.994047269764659,0,1.69467534,0,0,1.247e-05,0,1.747e-05,98.30529472,"Bacteria","Proteobacteria","Alphaproteobacteria","Caulobacterales","Caulobacteraceae","Phenylobacterium",NA,"f__Caulobacteraceae g__Phenylobacterium "
"asv_002927",0.00960339951373403,0.993325527458406,3.0504094,4.79731147,9.361e-05,0,0.10757956,0,0.02276536,92.02184059,"Bacteria","Proteobacteria","Betaproteobacteria","Burkholderiales","Oxalobacteraceae","Herbaspirillum",NA,"f__Oxalobacteraceae g__Herbaspirillum "
"asv_000864",0.0610892050243089,0.992705718654933,17.84798392,6.12816085,0,0,2.5069285,0.25208502,0.42943733,72.83540437,"Bacteria","Proteobacteria","Gammaproteobacteria","Pseudomonadales","Pseudomonadaceae","Pseudomonas",NA,"f__Pseudomonadaceae g__Pseudomonas "
"asv_000284",0.0285478634406479,0.992415217708102,2.4e-07,0,0,0,0.98839051,0,1.17359563,97.83801362,"Bacteria","Proteobacteria","Gammaproteobacteria","Enterobacteriales","Enterobacteriaceae",NA,NA,"f__Enterobacteriaceae  "
"asv_002556",0.158103432815591,0.99239071597387,0.63369651,2.86594845,1.29496924,1.19e-06,3.02e-06,5.03499369,0.17483135,89.99555655,"Bacteria","Actinobacteria","Thermoleophilia","Gaiellales","Gaiellaceae",NA,NA,"f__Gaiellaceae  "
"asv_000183",0.177320090612111,0.992373625433687,45.45947624,15.91988927,0.0002313,0.00049111,0.00170955,1.15734386,0.00386888,37.45698979,"Bacteria","Proteobacteria","Gammaproteobacteria","Pseudomonadales","Pseudomonadaceae","Pseudomonas","veronii","f__Pseudomonadaceae g__Pseudomonas s__veronii"
"asv_002990",0.095402723718565,0.991914301958514,7.07515354,0.04403501,0.3136597,2.16e-06,0.00017358,0,2.707e-05,92.56694895,"Bacteria","Verrucomicrobia","[Spartobacteria]","[Chthoniobacterales]","[Chthoniobacteraceae]","DA101",NA,"f__[Chthoniobacteraceae] g__DA101 "
"asv_001427",0.160307182893246,0.991620914159977,0.00176976,3.18700644,0,0.00110605,1.32109818,2.6e-06,0,95.48901697,"Bacteria","Acidobacteria","[Chloracidobacteria]","RB41","Ellin6075",NA,NA,"f__Ellin6075  "
"asv_000215",0.237219895868716,0.991514888924792,44.69037427,16.41706991,1.69e-06,6.2e-07,3.28e-06,1.37962738,0,37.51292285,"Bacteria","Proteobacteria","Gammaproteobacteria","Pseudomonadales","Pseudomonadaceae","Pseudomonas","veronii","f__Pseudomonadaceae g__Pseudomonas s__veronii"
"asv_000188",0.171478328088328,0.991141460739663,42.1927961,15.73378327,5.386e-05,0.24066475,1.467e-05,0,3.9e-07,41.83268697,"Bacteria","Proteobacteria","Gammaproteobacteria","Pseudomonadales","Pseudomonadaceae","Pseudomonas","veronii","f__Pseudomonadaceae g__Pseudomonas s__veronii"
"asv_001177",0.0245853809467166,0.990587609615887,1.4e-07,3.27009005,0,0,0,2.17502522,2.19474595,92.36013864,"Bacteria","Proteobacteria","Betaproteobacteria","Burkholderiales","Comamonadaceae",NA,NA,"f__Comamonadaceae  "
"asv_002479",0.0769601085154279,0.990565828136645,13.61944082,6.41555392,0,4.84e-05,5.32139797,1.241e-05,4.3e-07,74.64354606,"Archaea","Crenarchaeota","Thaumarchaeota","Nitrososphaerales","Nitrososphaeraceae","Candidatus Nitrososphaera","SCA1145","f__Nitrososphaeraceae g__Nitrososphaera s__SCA1145"
"asv_002236",0.103420153211846,0.989925819280079,0,0,1.02428874,0.33778904,3e-08,6.7e-07,0,98.63792153,"Bacteria","Proteobacteria","Deltaproteobacteria","Myxococcales","Myxococcaceae",NA,NA,"f__Myxococcaceae  "
"asv_001328",0.0241836443310493,0.989550864887979,1.00969172,2.41253775,3e-07,0,4.36423165,6.28e-06,2.95e-06,92.21352935,"Bacteria","Proteobacteria","Alphaproteobacteria","Rhizobiales","Phyllobacteriaceae","Mesorhizobium",NA,"f__Phyllobacteriaceae g__Mesorhizobium "
"asv_002241",0.0155932253859079,0.988250139718782,3.28183798,0,6.188e-05,0.09271967,0,7.74e-06,3.25975968,93.36561304,"Bacteria","Proteobacteria","Betaproteobacteria","Burkholderiales","Comamonadaceae","Methylibium",NA,"f__Comamonadaceae g__Methylibium "
"asv_000678",0.128879933088304,0.986843810338608,19.75589923,29.24791313,1.46e-05,0.10418523,1.69e-06,0,6.5e-07,50.89198547,"Bacteria","Bacteroidetes","Sphingobacteriia","Sphingobacteriales","Sphingobacteriaceae","Pedobacter",NA,"f__Sphingobacteriaceae g__Pedobacter "
"asv_003900",0.0611093448631882,0.985072038759092,0,14.06662743,1.7e-06,1.305e-05,3.21e-06,1.51764699,9.92e-06,84.4156977,"Bacteria","Proteobacteria","Betaproteobacteria","Burkholderiales","Comamonadaceae","Delftia",NA,"f__Comamonadaceae g__Delftia "
"asv_002289",0.0127038143152268,0.984750827346216,0,4.74039377,0.10889219,5.4e-07,3.02490046,6e-07,3.3e-07,92.12581211,"Bacteria","Proteobacteria","Gammaproteobacteria","Pseudomonadales","Pseudomonadaceae","Pseudomonas",NA,"f__Pseudomonadaceae g__Pseudomonas "
"asv_000626",0.0766037403843815,0.983160545076773,18.91844635,22.81850021,1.6457569,1.23e-06,0.45826702,0.67912188,0,55.47990641,"Bacteria","Bacteroidetes","Sphingobacteriia","Sphingobacteriales","Sphingobacteriaceae","Pedobacter",NA,"f__Sphingobacteriaceae g__Pedobacter "
"asv_000177",0.152244431089037,0.982706468589387,3.72616984,2.16e-06,3.60874561,2.35e-06,1.39300292,1.47e-06,3.22e-06,91.27207243,"Bacteria","Proteobacteria","Alphaproteobacteria","Rhizobiales","Bradyrhizobiaceae","Bradyrhizobium",NA,"f__Bradyrhizobiaceae g__Bradyrhizobium "
"asv_003377",0.0894303773110053,0.981799040892977,6.19671059,9.76983903,9.373e-05,0.60289421,6.85090558,9.52e-06,7.49e-06,76.57953984,"Archaea","Crenarchaeota","Thaumarchaeota","Nitrososphaerales","Nitrososphaeraceae","Candidatus Nitrososphaera","SCA1145","f__Nitrososphaeraceae g__Nitrososphaera s__SCA1145"
"asv_000628",0.306936808972111,0.981751945075487,0,3.09225722,0,0,0,0.03968887,2.9e-07,96.86805363,"Bacteria","Actinobacteria","Thermoleophilia","Gaiellales","Gaiellaceae",NA,NA,"f__Gaiellaceae  "
"asv_000445",0.0848984677189897,0.980837885471331,16.76223921,25.18755904,0.56969526,0.00097755,1.35627442,0,0.00122522,56.12202931,"Bacteria","Bacteroidetes","Sphingobacteriia","Sphingobacteriales","Sphingobacteriaceae","Pedobacter",NA,"f__Sphingobacteriaceae g__Pedobacter "
"asv_001067",0.0618396834800125,0.97967247412113,6e-08,0,1.58451267,1.99183583,1.54549331,4e-08,0,94.8781581,"Bacteria","Proteobacteria","Betaproteobacteria","Burkholderiales","Comamonadaceae","Methylibium",NA,"f__Comamonadaceae g__Methylibium "
"asv_001221",0.0735415710923602,0.978557215049122,18.02280167,26.49482357,3.3e-07,0.18242856,0,0.3645114,4.83e-06,54.93542963,"Bacteria","Bacteroidetes","Sphingobacteriia","Sphingobacteriales","Sphingobacteriaceae","Pedobacter",NA,"f__Sphingobacteriaceae g__Pedobacter "
"asv_001024",0.154996707670406,0.978466876555817,25.49904042,5.68613745,0.54918131,0.58324744,0,3.7497802,0.59213861,63.34047457,"Archaea","Crenarchaeota","Thaumarchaeota","Nitrososphaerales","Nitrososphaeraceae","Candidatus Nitrososphaera",NA,"f__Nitrososphaeraceae g__Nitrososphaera "
"asv_000257",0.16323676603665,0.977607079339613,46.09316821,15.33854047,4.77e-06,0.00011126,1.3e-06,1.00006265,0.24011211,37.32799923,"Bacteria","Proteobacteria","Gammaproteobacteria","Pseudomonadales","Pseudomonadaceae","Pseudomonas",NA,"f__Pseudomonadaceae g__Pseudomonas "
"asv_000941",0.121831322941478,0.976880049698152,30.43803765,2.0703074,0.00049059,0.20444269,0.3581616,9.524e-05,1.5e-07,66.92846469,"Bacteria","Actinobacteria","Actinobacteria","Actinomycetales","Micrococcaceae","Arthrobacter","psychrolactophilus","f__Micrococcaceae g__Arthrobacter s__psychrolactophilus"
"asv_000682",0.0514312890306824,0.975480413593492,15.94374446,23.32946907,2.54807828,0,0.98750525,0.33200957,0.66512767,56.19406571,"Bacteria","Bacteroidetes","Sphingobacteriia","Sphingobacteriales","Sphingobacteriaceae","Pedobacter",NA,"f__Sphingobacteriaceae g__Pedobacter "
"asv_000436",0.163920680291217,0.975203825132829,3e-08,1.47983316,0,0,3.08695167,5.4e-07,1.4e-07,95.43321446,"Bacteria","Proteobacteria","Alphaproteobacteria","Caulobacterales","Caulobacteraceae","Phenylobacterium",NA,"f__Caulobacteraceae g__Phenylobacterium "
"asv_001362",0.173187242689366,0.974699060975207,9.55e-06,7.8e-07,1.90332086,0,3.72e-06,0.29853199,3.2e-07,97.79813278,"Bacteria","Proteobacteria","Deltaproteobacteria","Myxococcales","Myxococcaceae","Corallococcus","exiguus","f__Myxococcaceae g__Corallococcus s__exiguus"
"asv_001933",0.0323609440216496,0.972781330317202,5.39034386,7.78940321,0.03731681,2.06753719,2.44e-06,1.67708081,3.62e-06,83.03831206,"Bacteria","Bacteroidetes","Sphingobacteriia","Sphingobacteriales","Sphingobacteriaceae","Pedobacter",NA,"f__Sphingobacteriaceae g__Pedobacter "
"asv_000151",0.337733873956994,0.970292823518398,0,2.17790229,7e-08,3.02171182,0.00843902,3e-08,3.245e-05,94.79191432,"Bacteria","Proteobacteria","Alphaproteobacteria","Rhizobiales","Bradyrhizobiaceae","Bradyrhizobium",NA,"f__Bradyrhizobiaceae g__Bradyrhizobium "
"asv_001096",0.26686482421838,0.967573486897785,5.79161505,4.70216078,5.09745126,0.00621372,17.8303682,0.25082861,2.587e-05,66.3213365,"Archaea","Crenarchaeota","Thaumarchaeota","Nitrososphaerales","Nitrososphaeraceae","Candidatus Nitrososphaera","SCA1170","f__Nitrososphaeraceae g__Nitrososphaera s__SCA1170"
"asv_000749",0.14602950743937,0.967209666705076,19.62330101,29.02432331,0.00097081,0.11815325,0.66738171,0.13184575,1.726e-05,50.4340069,"Bacteria","Bacteroidetes","Sphingobacteriia","Sphingobacteriales","Sphingobacteriaceae","Pedobacter",NA,"f__Sphingobacteriaceae g__Pedobacter "
"asv_000868",0.0186721261671765,0.966987165495249,3.15197801,0.05446429,1.66e-06,2.98038316,3.093e-05,3.423e-05,0.00043005,93.81267767,"Bacteria","Proteobacteria","Gammaproteobacteria","Pseudomonadales","Pseudomonadaceae","Pseudomonas",NA,"f__Pseudomonadaceae g__Pseudomonas "
"asv_000948",0.198244094503433,0.96678431137334,0.00019614,5.37e-06,0,1.16e-06,5.44344427,8.89074321,0,85.66560985,"Bacteria","Verrucomicrobia","[Spartobacteria]","[Chthoniobacterales]","[Chthoniobacteraceae]","DA101",NA,"f__[Chthoniobacteraceae] g__DA101 "
"asv_003744",0.00584624606589329,0.964636317831238,0,0.01158374,1.6e-07,1.6e-07,6.8e-07,9e-08,0,99.98841517,"Bacteria","Bacteroidetes","[Saprospirae]","[Saprospirales]","Chitinophagaceae","Chitinophaga","arvensicola","f__Chitinophagaceae g__Chitinophaga s__arvensicola"
"asv_001779",0.0147595513207567,0.963594863470035,3.25512673,1.01358955,2.6e-07,0.2100773,0.02861541,0,4.03e-06,95.49258672,"Bacteria","Proteobacteria","Gammaproteobacteria","Pseudomonadales","Pseudomonadaceae","Pseudomonas",NA,"f__Pseudomonadaceae g__Pseudomonas "
"asv_000744",0.128559661007854,0.962868517131366,20.42435202,30.19116288,0.00025071,0.736306,0.96074267,2.202e-05,0.00017769,47.68698601,"Bacteria","Bacteroidetes","Sphingobacteriia","Sphingobacteriales","Sphingobacteriaceae","Pedobacter",NA,"f__Sphingobacteriaceae g__Pedobacter "
"asv_001276",0.0896986723784928,0.961408672746641,19.7924083,7.23661462,0,2.79299586,0.85196432,0.97346196,1e-08,68.35255492,"Bacteria","Proteobacteria","Gammaproteobacteria","Pseudomonadales","Pseudomonadaceae","Pseudomonas",NA,"f__Pseudomonadaceae g__Pseudomonas "
"asv_000613",0.11043551110081,0.960943821166834,19.6978972,29.02701262,0.53662557,0.19450301,0.00013919,0.26890866,2.4e-07,50.2749135,"Bacteria","Bacteroidetes","Sphingobacteriia","Sphingobacteriales","Sphingobacteriaceae","Pedobacter",NA,"f__Sphingobacteriaceae g__Pedobacter "
"asv_000739",0.220283304350275,0.960926244298705,8.09950449,2.40651929,7.69723777,5.72e-06,0.04676465,0.55481297,6.9e-07,81.19515443,"Bacteria","Verrucomicrobia","[Spartobacteria]","[Chthoniobacterales]","[Chthoniobacteraceae]","DA101",NA,"f__[Chthoniobacteraceae] g__DA101 "
"asv_001565",0.117664314861925,0.96044357420831,0.56473099,0,0.00022978,0,0.11491774,1.969e-05,0,99.3201018,"Bacteria","Actinobacteria","Actinobacteria","Actinomycetales","Propionibacteriaceae","Microlunatus",NA,"f__Propionibacteriaceae g__Microlunatus "
"asv_001672",0.10881757895085,0.95890974158102,0,0.78771907,0,0,2.93988311,0,2.9e-07,96.27239753,"Bacteria","Proteobacteria","Betaproteobacteria","Burkholderiales","Comamonadaceae","Methylibium",NA,"f__Comamonadaceae g__Methylibium "
"asv_001647",0.0629094105127935,0.95808688236102,2.7e-07,1.4802732,2.32e-06,3.99e-06,0,0,0.50533102,98.0143892,"Bacteria","Proteobacteria","Gammaproteobacteria","Xanthomonadales","Sinobacteraceae","Steroidobacter",NA,"f__Sinobacteraceae g__Steroidobacter "
"asv_001669",0.0224902551118558,0.957445150855077,0.00018921,0.0786042,2.479e-05,2.153e-05,0.16271175,0.1097451,0.22933061,99.4193728,"Bacteria","Proteobacteria","Alphaproteobacteria","Rhizobiales","Phyllobacteriaceae","Mesorhizobium",NA,"f__Phyllobacteriaceae g__Mesorhizobium "
"asv_001829",0.12911524770727,0.957000329702624,0.05237742,6.48471992,0.19644857,0,0.52304376,9.9e-07,1.1e-07,92.74340922,"Bacteria","Proteobacteria","Alphaproteobacteria","Rhizobiales","Beijerinckiaceae",NA,NA,"f__Beijerinckiaceae  "
"asv_003041",0.0598623090295148,0.956339948328501,0.06056484,9.161e-05,3e-08,1.772e-05,0,9.04e-06,1.647e-05,99.93930028,"Bacteria","Verrucomicrobia","[Spartobacteria]","[Chthoniobacterales]","[Chthoniobacteraceae]","DA101",NA,"f__[Chthoniobacteraceae] g__DA101 "
"asv_002274",0.115684656286684,0.955115250957957,1.31376203,4.0884993,0.00056138,0.00130543,15.98493761,0.00079838,1.68e-06,78.61013418,"Archaea","Crenarchaeota","Thaumarchaeota","Nitrososphaerales","Nitrososphaeraceae","Candidatus Nitrososphaera",NA,"f__Nitrososphaeraceae g__Nitrososphaera "
"asv_000219",0.182702429148048,0.951694207242404,43.14816977,15.95442003,0,0.05802504,0.00030274,0.33158489,4e-07,40.50749713,"Bacteria","Proteobacteria","Gammaproteobacteria","Pseudomonadales","Pseudomonadaceae","Pseudomonas",NA,"f__Pseudomonadaceae g__Pseudomonas "
"asv_000938",0.161700675297638,0.949770261486552,8.75510856,3.55104819,1e-08,3.5e-07,6.95427985,0.00024747,0.00048762,80.73882795,"Archaea","Crenarchaeota","Thaumarchaeota","Nitrososphaerales","Nitrososphaeraceae","Candidatus Nitrososphaera",NA,"f__Nitrososphaeraceae g__Nitrososphaera "
"asv_001283",0.188631479881386,0.949389770201544,8.68880041,2.9e-07,5.72949,0,15.38040032,0,3.07e-06,70.20130592,"Archaea","Crenarchaeota","Thaumarchaeota","Nitrososphaerales","Nitrososphaeraceae","Candidatus Nitrososphaera","SCA1170","f__Nitrososphaeraceae g__Nitrososphaera s__SCA1170"
"asv_000392",0.0103988884203939,0.948345159156711,0,0.02723916,2.0648341,2.06035619,0,2.07949807,2.41e-06,93.76807007,"Bacteria","Proteobacteria","Gammaproteobacteria","Enterobacteriales","Enterobacteriaceae",NA,NA,"f__Enterobacteriaceae  "
"asv_002639",0.0986224702287733,0.948044244647074,2.83763378,0,3.61570639,8.953e-05,0.04235476,0.31367512,2.833e-05,93.19051209,"Bacteria","Nitrospirae","Nitrospira","Nitrospirales","Nitrospiraceae","Nitrospira",NA,"f__Nitrospiraceae g__Nitrospira "
"asv_002480",0.115837333765688,0.94674478731022,10.40192594,1.60039622,1.13537017,7.1e-07,0.20652286,6.7e-07,9.41e-06,86.65577402,"Archaea","Crenarchaeota","Thaumarchaeota","Nitrososphaerales","Nitrososphaeraceae","Candidatus Nitrososphaera",NA,"f__Nitrososphaeraceae g__Nitrososphaera "
"asv_002793",0.0808961102434894,0.946178358835085,0,0.39299499,1.286e-05,3.73343,5.52e-06,0.00030978,0,95.87324685,"Bacteria","Actinobacteria","Actinobacteria","Actinomycetales","Intrasporangiaceae",NA,NA,"f__Intrasporangiaceae  "
"asv_001299",0.109711897273718,0.944182984316663,0.34359373,0,4.38570689,0,0,0.25474329,0.70158965,94.31436644,"Bacteria","Proteobacteria","Gammaproteobacteria","Xanthomonadales","Sinobacteraceae","Steroidobacter",NA,"f__Sinobacteraceae g__Steroidobacter "
"asv_000441",0.319562662468285,0.942132308078106,6.74464464,7.50196132,0.00955349,0.00192098,0.0006907,0.00514788,0.00035692,85.73572406,"Archaea","Crenarchaeota","Thaumarchaeota","Nitrososphaerales","Nitrososphaeraceae","Candidatus Nitrososphaera",NA,"f__Nitrososphaeraceae g__Nitrososphaera "
"asv_001347",0.203000413626,0.941532641367991,0,0.1999588,1.69e-06,7.87137165,4.22201006,0.63585052,0,87.07080729,"Bacteria","Actinobacteria","Thermoleophilia","Gaiellales","Gaiellaceae",NA,NA,"f__Gaiellaceae  "
"asv_005191",0.0662008448621676,0.939350310429955,11.41464228,7.21708219,0.00339255,0.00054359,2.4815982,1.105e-05,0,78.88273014,"Bacteria","Verrucomicrobia","[Spartobacteria]","[Chthoniobacterales]","[Chthoniobacteraceae]","DA101",NA,"f__[Chthoniobacteraceae] g__DA101 "
"asv_000490",0.308203442259879,0.938928283756129,6.72550892,8.60935597,4.4e-07,7.16e-06,1.91e-06,0,0,84.66512559,"Archaea","Crenarchaeota","Thaumarchaeota","Nitrososphaerales","Nitrososphaeraceae","Candidatus Nitrososphaera",NA,"f__Nitrososphaeraceae g__Nitrososphaera "
"asv_000520",0.252260139895137,0.938861882815032,8.98e-05,0,2.17e-06,8.51e-06,0,1.72e-06,0.00027627,99.99962154,"Bacteria","Verrucomicrobia","[Spartobacteria]","[Chthoniobacterales]","[Chthoniobacteraceae]","DA101",NA,"f__[Chthoniobacteraceae] g__DA101 "
"asv_001664",0.0962823890266226,0.937790988684605,7.23873573,1.25714428,1.02147614,1.942e-05,4.79687891,0,0,85.68574552,"Bacteria","Proteobacteria","Alphaproteobacteria","Sphingomonadales","Sphingomonadaceae","Kaistobacter",NA,"f__Sphingomonadaceae g__Kaistobacter "
"asv_002778",0.110830450471975,0.935621307050668,0.93170705,8.67298541,2.4290429,0.90298455,2.19849873,1.76e-05,0,84.86476376,"Bacteria","Proteobacteria","Gammaproteobacteria","Xanthomonadales","Xanthomonadaceae","Arenimonas","oryziterrae","f__Xanthomonadaceae g__Arenimonas s__oryziterrae"
"asv_001745",0.0299706968548394,0.935354703004091,9.46648602,9.57376029,1.05113616,0.00035537,1.204e-05,2.18989922,1.8e-07,77.71835072,"Bacteria","Proteobacteria","Gammaproteobacteria","Xanthomonadales","Xanthomonadaceae","Stenotrophomonas","maltophilia","f__Xanthomonadaceae g__Stenotrophomonas s__maltophilia"
"asv_002697",0.0995544356001809,0.934737810495731,5e-08,4e-08,4.45108636,1.08e-06,1.83495737,0,0.03991418,93.67404091,"Bacteria","Proteobacteria","Alphaproteobacteria","Rhodospirillales","Rhodospirillaceae",NA,NA,"f__Rhodospirillaceae  "
"asv_000198",0.148346867390775,0.933014101756318,43.89598162,16.4759618,0.00015669,1.9e-06,2.6e-07,1.09133137,5.1e-07,38.53656585,"Bacteria","Proteobacteria","Gammaproteobacteria","Pseudomonadales","Pseudomonadaceae","Pseudomonas","veronii","f__Pseudomonadaceae g__Pseudomonas s__veronii"
"asv_001744",0.0204641867386808,0.931524582213869,0,0.85170767,1.74e-06,0.8325105,0,0,0.87102184,97.44475826,"Bacteria","Actinobacteria","Actinobacteria","Actinomycetales","Streptomycetaceae","Streptomyces","mirabilis","f__Streptomycetaceae g__Streptomyces s__mirabilis"
"asv_002445",0.0179139039556256,0.929723272732919,2.535e-05,1.1951025,0.00045237,0,6.7e-06,0.06207003,2.8e-07,98.74234277,"Bacteria","Bacteroidetes","[Saprospirae]","[Saprospirales]","Chitinophagaceae","Chitinophaga",NA,"f__Chitinophagaceae g__Chitinophaga "
"asv_001400",0.143062876806422,0.928910075302189,0,0.1682019,2.11855928,0,1.80702202,1e-08,4.6e-07,95.90621634,"Bacteria","Proteobacteria","Alphaproteobacteria","Rhodospirillales","Rhodospirillaceae","Skermanella",NA,"f__Rhodospirillaceae g__Skermanella "
"asv_000806",0.20017777778935,0.928625185115146,17.05487445,3.9113267,8.2e-06,0,0,0.58523262,0,78.44855803,"Archaea","Crenarchaeota","Thaumarchaeota","Nitrososphaerales","Nitrososphaeraceae","Candidatus Nitrososphaera",NA,"f__Nitrososphaeraceae g__Nitrososphaera "
"asv_000865",0.101173443020306,0.92858619597899,6.3e-07,1.88e-06,0,2.41559798,8.1e-07,7.54e-06,0.70101217,96.88337899,"Bacteria","Actinobacteria","Actinobacteria","Actinomycetales","Streptomycetaceae","Streptomyces","mirabilis","f__Streptomycetaceae g__Streptomyces s__mirabilis"
"asv_000174",0.0883993501491904,0.928477621370122,1.42661274,3.84348799,7.79e-06,3.23147345,3e-08,0.25150652,0,91.24691147,"Bacteria","Proteobacteria","Alphaproteobacteria","Rhizobiales","Bradyrhizobiaceae","Bradyrhizobium",NA,"f__Bradyrhizobiaceae g__Bradyrhizobium "
"asv_000704",0.101652903191738,0.925752791839355,0,1.00966671,0,4.7e-07,6.79e-06,1.23e-06,2e-08,98.99032478,"Bacteria","Proteobacteria","Betaproteobacteria","Burkholderiales","Oxalobacteraceae",NA,NA,"f__Oxalobacteraceae  "
"asv_000232",0.106199974688344,0.925643475475662,40.15985252,14.65233639,0.00015302,5.63e-06,0,0.33123725,0.00047914,44.85593605,"Bacteria","Proteobacteria","Gammaproteobacteria","Pseudomonadales","Pseudomonadaceae","Pseudomonas","veronii","f__Pseudomonadaceae g__Pseudomonas s__veronii"
"asv_000925",0.039808222875922,0.925514216995521,14.96790015,21.89318207,2.25095757,5.965e-05,1.94841888,0.95326543,2.51e-06,57.98621374,"Bacteria","Bacteroidetes","Sphingobacteriia","Sphingobacteriales","Sphingobacteriaceae","Pedobacter",NA,"f__Sphingobacteriaceae g__Pedobacter "
"asv_000187",0.170137393507561,0.925208289307329,41.94129129,16.98498761,1.39e-06,5.8e-07,0,6.44e-06,7.05e-06,41.07370563,"Bacteria","Proteobacteria","Gammaproteobacteria","Pseudomonadales","Pseudomonadaceae","Pseudomonas","veronii","f__Pseudomonadaceae g__Pseudomonas s__veronii"
"asv_001435",0.156796619319434,0.925110200262614,0.10453298,0,2.04322607,0.86601886,0,2.89127387,0,94.09494822,"Bacteria","Actinobacteria","Thermoleophilia","Gaiellales","Gaiellaceae",NA,NA,"f__Gaiellaceae  "
"asv_000235",0.173780591659186,0.924453086795657,40.85895085,14.82798567,1.93e-06,0.1093274,2.088e-05,1.87569575,9.2e-07,42.32801659,"Bacteria","Proteobacteria","Gammaproteobacteria","Pseudomonadales","Pseudomonadaceae","Pseudomonas","veronii","f__Pseudomonadaceae g__Pseudomonas s__veronii"
"asv_000776",0.100681117278781,0.923227076457824,21.49551226,31.71695029,0.50752723,0,1.9e-06,0.22718811,3.17e-06,46.05281704,"Bacteria","Bacteroidetes","Sphingobacteriia","Sphingobacteriales","Sphingobacteriaceae","Pedobacter",NA,"f__Sphingobacteriaceae g__Pedobacter "
"asv_000433",0.313179089037533,0.922831474946688,29.9130182,4.59807623,5.32904685,0.00039726,1.43e-06,0.76316354,3.8e-07,59.3962961,"Archaea","Crenarchaeota","Thaumarchaeota","Nitrososphaerales","Nitrososphaeraceae","Candidatus Nitrososphaera","SCA1170","f__Nitrososphaeraceae g__Nitrososphaera s__SCA1170"
"asv_000424",0.0127579491940707,0.921428028989127,2.08472011,0.07168442,1.604e-05,7.09e-06,2.06528401,2.10803082,0,93.67025752,"Bacteria","Proteobacteria","Gammaproteobacteria","Enterobacteriales","Enterobacteriaceae",NA,NA,"f__Enterobacteriaceae  "
"asv_001640",0.0156829471879616,0.919224821286055,3.29338065,0,6.62e-06,0.09505733,8.55e-06,0.00016668,3.28788395,93.32349622,"Bacteria","Proteobacteria","Betaproteobacteria","Burkholderiales","Comamonadaceae","Methylibium",NA,"f__Comamonadaceae g__Methylibium "
"asv_000382",0.342845962902283,0.91885607242666,31.67677742,2.37778208,11.39327345,0.87318655,0.36663928,1.21488744,0,52.0974538,"Archaea","Crenarchaeota","Thaumarchaeota","Nitrososphaerales","Nitrososphaeraceae","Candidatus Nitrososphaera","SCA1170","f__Nitrososphaeraceae g__Nitrososphaera s__SCA1170"
"asv_001125",0.046448565435369,0.918844049436673,0,0,0,0.4132407,0,0,3e-08,99.58675927,"Bacteria","Proteobacteria","Betaproteobacteria","Burkholderiales","Oxalobacteraceae",NA,NA,"f__Oxalobacteraceae  "
"asv_000458",0.08470688172727,0.918092450040989,17.96945503,22.41563318,3.96723661,5.4e-07,0.86552504,3e-08,0.4369099,54.34523966,"Bacteria","Bacteroidetes","Sphingobacteriia","Sphingobacteriales","Sphingobacteriaceae","Pedobacter",NA,"f__Sphingobacteriaceae g__Pedobacter "
"asv_001095",0.0571892134681645,0.917193114605735,0,0,0,0,0.16444939,0.32480626,0,99.51074436,"Bacteria","Actinobacteria","Actinobacteria","Actinomycetales","Streptomycetaceae","Streptomyces","mirabilis","f__Streptomycetaceae g__Streptomyces s__mirabilis"
"asv_000646",0.199402595552878,0.916350535595968,0.1080005,1.0900386,0.27897584,0.50312184,1.82717573,1e-08,1.95108244,94.24160504,"Bacteria","Verrucomicrobia","[Spartobacteria]","[Chthoniobacterales]","[Chthoniobacteraceae]","DA101",NA,"f__[Chthoniobacteraceae] g__DA101 "
"asv_000984",0.0228414941307801,0.915403107492553,0,2.1e-07,0,4e-08,2.17447384,2.1e-07,0,97.82552568,"Bacteria","Proteobacteria","Alphaproteobacteria","Rhizobiales","Bradyrhizobiaceae","Bradyrhizobium",NA,"f__Bradyrhizobiaceae g__Bradyrhizobium "
"asv_002103",0.0921366775600545,0.912053076991644,9.68246157,2.65055276,5.6e-07,9.3e-07,8.231e-05,1.5e-07,0,87.66690173,"Bacteria","Verrucomicrobia","[Spartobacteria]","[Chthoniobacterales]","[Chthoniobacteraceae]","DA101",NA,"f__[Chthoniobacteraceae] g__DA101 "
"asv_002323",0.0544095099657037,0.91111520355129,9.57970532,9.87914766,3.743e-05,0.00019569,1.01086316,4.18e-06,8.86e-06,79.53003771,"Bacteria","Bacteroidetes","Sphingobacteriia","Sphingobacteriales","Sphingobacteriaceae","Pedobacter",NA,"f__Sphingobacteriaceae g__Pedobacter "
"asv_001555",0.137490423874994,0.910756377575211,1.01829599,0,0,2.43352056,8.18214124,0.16101508,0,88.20502713,"Bacteria","Verrucomicrobia","[Spartobacteria]","[Chthoniobacterales]","[Chthoniobacteraceae]","DA101",NA,"f__[Chthoniobacteraceae] g__DA101 "
"asv_000692",0.154439326504182,0.910363416153207,30.68522323,1.88482543,0.0007784,0.28205632,0.26116544,2.812e-05,8.3e-07,66.88592225,"Bacteria","Actinobacteria","Actinobacteria","Actinomycetales","Micrococcaceae","Arthrobacter","psychrolactophilus","f__Micrococcaceae g__Arthrobacter s__psychrolactophilus"
"asv_001088",0.164192427855713,0.910288109418569,8.21937092,1.32033218,1.15011511,0,7.47584804,1.99412729,9.96e-06,79.84019651,"Bacteria","Bacteroidetes","[Saprospirae]","[Saprospirales]","Chitinophagaceae",NA,NA,"f__Chitinophagaceae  "
"asv_001899",0.106099204910367,0.910168325657939,3.90673249,1.4e-07,0,0,3.56594626,0,2.7e-07,92.52732084,"Bacteria","Actinobacteria","Actinobacteria","Actinomycetales","Intrasporangiaceae",NA,NA,"f__Intrasporangiaceae  "
"asv_000734",0.110435690262932,0.909584182734289,19.86596289,4.19730938,0.9755807,2.4e-07,2.17786066,2.75e-06,0,72.78328338,"Bacteria","Proteobacteria","Gammaproteobacteria","Pseudomonadales","Pseudomonadaceae","Pseudomonas",NA,"f__Pseudomonadaceae g__Pseudomonas "
"asv_000577",0.160184455694162,0.909112454489375,21.48770396,27.23956302,0,1.01264095,1.45562948,0,0.00208578,48.8023768,"Bacteria","Bacteroidetes","Sphingobacteriia","Sphingobacteriales","Sphingobacteriaceae","Pedobacter",NA,"f__Sphingobacteriaceae g__Pedobacter "
"asv_002017",0.0797983441927056,0.908945868969006,0,2.36272506,3.8e-07,0,0,0,0,97.63727457,"Bacteria","Nitrospirae","Nitrospira","Nitrospirales","Nitrospiraceae","Nitrospira",NA,"f__Nitrospiraceae g__Nitrospira "
"asv_000972",0.0191890685933947,0.908411979974012,0,0,1.17841164,0.88959087,3e-08,0.97501407,1.2e-07,96.95698328,"Bacteria","Proteobacteria","Alphaproteobacteria","Caulobacterales","Caulobacteraceae","Phenylobacterium",NA,"f__Caulobacteraceae g__Phenylobacterium "
"asv_001915",0.109186432427809,0.907750099136663,1.86e-06,0.13444375,0,0.458078,1.11461193,3.62589009,0,94.66697437,"Bacteria","Proteobacteria","Gammaproteobacteria","Xanthomonadales","Sinobacteraceae","Steroidobacter",NA,"f__Sinobacteraceae g__Steroidobacter "
"asv_002042",0.0426380222429191,0.907111169396776,0.58006572,0,0.18030171,0.21159969,0.5045485,0,0,98.52348438,"Bacteria","Acidobacteria","[Chloracidobacteria]","RB41","Ellin6075",NA,NA,"f__Ellin6075  "
"asv_001581",0.00861412908928351,0.906352384443058,2.12552813,3.11362057,0,9e-08,0,0,2e-08,94.76085119,"Bacteria","Proteobacteria","Gammaproteobacteria","Pseudomonadales","Pseudomonadaceae","Pseudomonas",NA,"f__Pseudomonadaceae g__Pseudomonas "
"asv_000679",0.0286246806205281,0.906151938545396,0,0,0,0,2.14453533,1.287e-05,1.244e-05,97.85543935,"Bacteria","Proteobacteria","Alphaproteobacteria","Rhizobiales","Bradyrhizobiaceae","Bradyrhizobium",NA,"f__Bradyrhizobiaceae g__Bradyrhizobium "
"asv_000260",0.133793798091274,0.905625002105459,33.81552197,12.17364443,0.02846976,1.04428453,5.054e-05,2.40047819,0.13088451,50.40666607,"Bacteria","Proteobacteria","Gammaproteobacteria","Pseudomonadales","Pseudomonadaceae","Pseudomonas","veronii","f__Pseudomonadaceae g__Pseudomonas s__veronii"
"asv_002901",0.0641834111890854,0.903367956020836,1.78e-06,0,3.44218739,0.18488718,0,3.79185391,0.38355351,92.19751623,"Bacteria","Actinobacteria","Actinobacteria","Actinomycetales","Intrasporangiaceae",NA,NA,"f__Intrasporangiaceae  "
"asv_000227",0.187239240531953,0.9030219748449,42.63930456,15.55100949,0.00029621,0,0,2.76536829,0.0004867,39.04353476,"Bacteria","Proteobacteria","Gammaproteobacteria","Pseudomonadales","Pseudomonadaceae","Pseudomonas",NA,"f__Pseudomonadaceae g__Pseudomonas "
"asv_003557",0.0181109516807593,0.901040981323777,9.26503807,13.33871542,3.14018115,2.63e-05,0,2.57086442,8.55e-06,71.68516609,"Bacteria","Proteobacteria","Gammaproteobacteria","Xanthomonadales","Xanthomonadaceae","Stenotrophomonas",NA,"f__Xanthomonadaceae g__Stenotrophomonas "
"asv_001550",0.027775999070731,0.897699313835395,2e-08,0,1.10942573,4e-08,0,0.83092438,3e-08,98.05964982,"Bacteria","Proteobacteria","Betaproteobacteria","Burkholderiales","Comamonadaceae","Methylibium",NA,"f__Comamonadaceae g__Methylibium "
"asv_002084",0.0605430081249967,0.897533283837712,0.00027031,0,7.927e-05,0.00662841,5.94901047,0,0.89163837,93.15237317,"Bacteria","Actinobacteria","Actinobacteria","Actinomycetales","Nocardioidaceae","Nocardioides",NA,"f__Nocardioidaceae g__Nocardioides "
"asv_002082",0.0191895880576403,0.897049607172782,0.06534476,4.72848051,2.93029741,3.16134145,5.053e-05,0,0.22389934,88.89058601,"Bacteria","Proteobacteria","Betaproteobacteria","Burkholderiales","Comamonadaceae","Hylemonella",NA,"f__Comamonadaceae g__Hylemonella "
"asv_003115",0.0874841684923873,0.896883346637943,22.83757837,1.28034205,0.19704196,1.81060146,0,1.027e-05,2.23e-06,73.87442367,"Bacteria","Verrucomicrobia","[Spartobacteria]","[Chthoniobacterales]","[Chthoniobacteraceae]","DA101",NA,"f__[Chthoniobacteraceae] g__DA101 "
"asv_004078",0.045431467961601,0.895220259126176,0,0,0,3.5e-07,4.3e-07,3.54e-06,0,99.99999569,"Bacteria","Verrucomicrobia","[Spartobacteria]","[Chthoniobacterales]","[Chthoniobacteraceae]","DA101",NA,"f__[Chthoniobacteraceae] g__DA101 "
"asv_000748",0.117424539786365,0.890662236939802,20.65903475,30.38340536,2e-08,0.63921577,0,8.3e-07,0.00027098,48.31807229,"Bacteria","Bacteroidetes","Sphingobacteriia","Sphingobacteriales","Sphingobacteriaceae","Pedobacter",NA,"f__Sphingobacteriaceae g__Pedobacter "
"asv_002023",0.0330518663105177,0.890359511438044,0,0.30001431,2.00465554,5e-08,0,0,0,97.6953301,"Bacteria","Actinobacteria","Actinobacteria","Actinomycetales","Streptomycetaceae","Streptomyces","mirabilis","f__Streptomycetaceae g__Streptomyces s__mirabilis"
"asv_001076",0.00859504215425759,0.889883236288074,2.16540581,3.17339197,1e-08,0,0,0,0,94.66120221,"Bacteria","Proteobacteria","Gammaproteobacteria","Pseudomonadales","Pseudomonadaceae","Pseudomonas",NA,"f__Pseudomonadaceae g__Pseudomonas "
"asv_002083",0.0300474799490649,0.889326631709061,1.444e-05,12.4365962,0.46010324,2.17597715,5.17e-06,1.90160069,9.25e-06,83.02569385,"Bacteria","Proteobacteria","Betaproteobacteria","Burkholderiales","Comamonadaceae","Delftia",NA,"f__Comamonadaceae g__Delftia "
"asv_003406",0.0650135111573139,0.888733209010216,0,0,2.2033462,0.38652227,9.7388977,1.80891848,0.00137183,85.86094352,"Archaea","Crenarchaeota","Thaumarchaeota","Nitrososphaerales","Nitrososphaeraceae","Candidatus Nitrososphaera",NA,"f__Nitrososphaeraceae g__Nitrososphaera "
"asv_001049",0.0421789725035441,0.887804698139112,0,1.8e-07,4e-08,0.76830806,1.03781755,9e-08,0.86388651,97.32998758,"Bacteria","Proteobacteria","Alphaproteobacteria","Caulobacterales","Caulobacteraceae","Phenylobacterium",NA,"f__Caulobacteraceae g__Phenylobacterium "
"asv_000965",0.0377091891103057,0.887136075891566,3.06314046,1.25136026,3.05650036,0.11225618,0.16435965,3.13701353,1.08e-06,89.21536848,"Bacteria","Proteobacteria","Betaproteobacteria","Burkholderiales","Comamonadaceae","Methylibium",NA,"f__Comamonadaceae g__Methylibium "
"asv_001161",0.158708299223201,0.887102791540277,5.27e-06,0,1.26219944,0,5e-08,2.8e-07,0,98.73779496,"Bacteria","Verrucomicrobia","[Spartobacteria]","[Chthoniobacterales]","[Chthoniobacteraceae]","DA101",NA,"f__[Chthoniobacteraceae] g__DA101 "
"asv_001547",0.165118373979062,0.886315225462793,0,0,0,0,24.75289676,0,0,75.24710324,"Bacteria","Proteobacteria","Betaproteobacteria","A21b","EB1003",NA,NA,"f__EB1003  "
"asv_002871",0.10212693243229,0.88239224265493,0,3.804e-05,5.083e-05,0.12841128,20.5744215,0.07139223,0,79.22568612,"Bacteria","Proteobacteria","Betaproteobacteria","A21b","EB1003",NA,NA,"f__EB1003  "
"asv_001474",0.105982327573363,0.882294329640907,0,0,3.7e-07,0.34891204,4.3e-07,1.64271194,8.65e-06,98.00836657,"Bacteria","Proteobacteria","Alphaproteobacteria","Rhodospirillales","Rhodospirillaceae","Skermanella",NA,"f__Rhodospirillaceae g__Skermanella "
"asv_000629",0.329012801962523,0.881826589446241,0.87437948,0.15084645,0,5.35518645,6.5e-07,0,2.03773339,91.58185359,"Bacteria","Actinobacteria","Actinobacteria","Actinomycetales","Geodermatophilaceae",NA,NA,"f__Geodermatophilaceae  "
"asv_003747",0.0673115156513951,0.88129230147379,8.47199936,14.5103204,1.66274697,3.8e-07,6.95223302,3.67e-06,0,68.40269619,"Archaea","Crenarchaeota","Thaumarchaeota","Nitrososphaerales","Nitrososphaeraceae","Candidatus Nitrososphaera","SCA1145","f__Nitrososphaeraceae g__Nitrososphaera s__SCA1145"
"asv_002915",0.0346755929389125,0.879747583482441,13.28552729,19.49697968,2.19562525,1.368e-05,8.2e-07,0.05570397,0.2466327,64.71951661,"Bacteria","Proteobacteria","Gammaproteobacteria","Xanthomonadales","Xanthomonadaceae","Stenotrophomonas",NA,"f__Xanthomonadaceae g__Stenotrophomonas "
"asv_001412",0.0020008192065225,0.879100432516152,8.2343302,11.93197036,0.29667834,0.05676368,2.68e-06,4.39343882,0.20487627,74.88193966,"Bacteria","Proteobacteria","Gammaproteobacteria","Pseudomonadales","Pseudomonadaceae","Pseudomonas","veronii","f__Pseudomonadaceae g__Pseudomonas s__veronii"
"asv_000191",0.297205899029576,0.878775028376593,42.44517293,17.03188703,0,0.21588849,1.62e-06,1.07832797,2.28e-06,39.22871968,"Bacteria","Proteobacteria","Gammaproteobacteria","Pseudomonadales","Pseudomonadaceae","Pseudomonas","veronii","f__Pseudomonadaceae g__Pseudomonas s__veronii"
"asv_001006",0.176933178753204,0.878720689177575,0,0.11558995,2.19668736,0,1.86068001,2.5e-06,0.00428265,95.82275753,"Bacteria","Proteobacteria","Alphaproteobacteria","Rhodospirillales","Rhodospirillaceae","Skermanella",NA,"f__Rhodospirillaceae g__Skermanella "
"asv_000574",0.317671554425956,0.878152731516405,1.19e-06,14.33369028,0.51880527,0,1.82417427,8.1e-07,0,83.32332819,"Bacteria","Proteobacteria","Alphaproteobacteria","Rhodospirillales","Rhodospirillaceae","Skermanella",NA,"f__Rhodospirillaceae g__Skermanella "
"asv_003750",0.0166736160916964,0.877390695450098,9.2524208,13.34659881,3.20961182,5.09e-06,1.09e-05,4.78218802,0.00014207,69.40902249,"Bacteria","Proteobacteria","Gammaproteobacteria","Xanthomonadales","Xanthomonadaceae","Stenotrophomonas",NA,"f__Xanthomonadaceae g__Stenotrophomonas "
"asv_001104",0.0168269899810118,0.877386174366115,0,0,2.01454798,2.01411865,2.0564584,2.07675783,0,91.83811714,"Bacteria","Proteobacteria","Alphaproteobacteria","Rhizobiales","Bradyrhizobiaceae","Bradyrhizobium",NA,"f__Bradyrhizobiaceae g__Bradyrhizobium "
"asv_003164",0.105448734789376,0.876132522579804,0.73688778,7.14138697,2.19378472,1.76155258,2.5688912,0,0,85.59749675,"Bacteria","Actinobacteria","Thermoleophilia","Gaiellales","Gaiellaceae",NA,NA,"f__Gaiellaceae  "
"asv_002684",0.112379421592323,0.87579134495891,0,0.6812519,1.04e-06,2.9e-07,0.00015252,1.39e-06,0.02887448,99.28971839,"Bacteria","Actinobacteria","Actinobacteria","Actinomycetales","Geodermatophilaceae",NA,NA,"f__Geodermatophilaceae  "
"asv_001171",0.168110803427421,0.875600261221024,3.13117271,2.18216162,2.54e-06,3.10808595,2.9e-07,0,3.4e-07,91.57857655,"Bacteria","Actinobacteria","Thermoleophilia","Gaiellales","Gaiellaceae",NA,NA,"f__Gaiellaceae  "
"asv_000451",0.0802450104269543,0.875246689287146,16.88525766,24.76032238,1.92262892,8.39e-06,1.65217473,0,0.15162194,54.62798598,"Bacteria","Bacteroidetes","Sphingobacteriia","Sphingobacteriales","Sphingobacteriaceae","Pedobacter",NA,"f__Sphingobacteriaceae g__Pedobacter "
